Training perceptron with learning rate 1.0


Accuracy: 87.75%

Trained weights: [ 47.69646919   0.28613933   6.26417145  -0.23646523  16.81917897
  11.23444646   4.1194342   11.34123974  11.4093919    1.13404752
 -15.12443198  -5.32244029  -7.10360776   1.6724279   14.74730426
  -7.04112459   1.62810173   4.20781176 -12.02418863  -3.19169241
   1.49756096 -10.89552821  10.75129532   9.04623351  10.00539338
   1.77692891 -17.60655134  -3.31431677   7.01593405  10.28201612
   5.00970494   0.70456117  -1.28644724 -12.4241349 ]

Trained bias: -52.57416970970417
